33
55
77
99
33
55
77
99
55
77
99
55
77
99
77
99
77
99
99
99
1111
1131
1151
1171
1191
1111
1131
1151
1171
1191
1111
1313
1131
1333
1151
1353
1171
1373
1191
1393
1111
1313
1131
1333
1151
1353
1171
1373
1191
1393
1111
1313
1515
1131
1333
1535
1151
1353
1555
1171
1373
1575
1191
1393
1595
1111
1313
1515
1131
1333
1535
1151
1353
1555
1171
1373
1575
1191
1393
1595
1111
1313
1515
1717
1131
1333
1535
1737
1151
1353
1555
1757
1171
1373
1575
1777
1191
1393
1595
1797
1111
1313
1515
1717
1131
1333
1535
1737
1151
1353
1555
1757
1171
1373
1575
1777
1191
1393
1595
1797
